accel = 0.1
speed = 1
--BEGIN-GAME--
1100
0100
0001
1100
0020
0100
0101
1100
1000
0100
1000
0100
0001
1001
0100
0010
0101
0100
0100
1000
0100
0001
1100
0020
0100
0011
1100
1000
0100
1010
0100
0001
1001
0100
0010
0101
0100
0100
1000
0100
0001
1100
0020
0100
0001
1100
1000
0100
1000
0100
0001
1001
0100
0010
0101
0100
0100
1000
0100
0001
1100
0020
0100
0011
1100
1000
0100
1010
0100
0001
1001
0100
0010
0101
0100
0100
1000
0100
0001
1100
0020
0100
0001
1100
1000
0100
1000
0100
0001
1001
0100
0010
0101
0100
0100
1000
0100
0001
1100
0020
0100
0011
1100
1000
0100
1010
0100
0001
1001
0100
0010
0101
0100
0100
1000
0100
0001
1100
0020
0100
0001
1100
1000
0100
1000
0100
0001
1001
0100
0010
0101
0100
0100
1000
0100
0001
1100
0020
0100
0011
1100
1000
0100
1010
0100
0001
1001
0100
0010
0101
0100
0100
1000
0100
0001
1100
0020
0100
0001
1100
1000
0100
1000
0100
0001
1001
0100
0010
0101
0100
0100
1000
0100
0001
1100
0020
0100
0011
1100
1000
0100
1010
0100
0001
1001
0100
0010
0101
0100
0100
1000
0100
0001
1100
0020
0100
0001
1100
1000
0100
1000
0100
0001
1001
0100
0010
0101
0100
0100
1000
0100
0001
1100
0020
0100
0011
1100
1000
0100
1010
0100
0001
1001
0100
0010
0101
0100
0100
1000
0100
0001
1100
0020
0100
0001
1100
1000
0100
1000
0100
0001
1001
0100
0010
0101
0100
0100
1000
0100
0001
1100
0020
0100
0011
1100
1000
0100
1010
0100
0001
1001
0100
0010
0101
0100
0100
1000
0100
0001
1100
0020
0100
0001
1100
1000
0100
1000
0100
0001
1001
0100
0010
0101
0100
0100
1000
0100
0001
1100
0020
0100
0011
1100
1000
0100
1010
0100
0001
1001
0100
0010
0101
0100
0100
1000
0100
0001
1100
0020
0100
0001
1100
1000
0100
1000
0100
0001
1001
0100
0010
0101
0100
0100
1000
0100
0001
1100
0020
0100
0011
1100
1000
0100
1010
0100
0001
1001
0100
0010
0101
0100
0100
1000
0100
0001
1100
0020
0100
0001
1100
1000
0100
1000
0100
0001
1001
0100
0010
0101
0100
0100
1000
0100
0001
1100
0020
0100
0011
1100
1000
0100
1010
0100
0001
1001
0100
0010
0101
0100
0100
1000
0100
0001
1100
0020
0100
0001
1100
1000
0100
1000
0100
0001
1001
0100
0010
0101
0100
0100
1000
0100
0001
1100
0020
0100
0011
1100
1000
0100
1010
0100
0001
1001
0100
0010
0101
0100
0100
1000
0100
0001
1100
0020
0100
0001
1100
1000
0100
1000
0100
0001
1001
0100
0010
0101
0100
0100
1000
0100
0001
1100
0020
0100
0011
1100
1000
0100
1010
0100
0001
1001
0100
0010
0101
0100
0100
3